,contentsId,frameId,age,gender,freqId,is_gazing
1,contents_1,0.0,27.807663773381137,0.0,freqId,0
2,contents_1,0.0,29.04002901444801,0.0,freqId,0
3,contents_1,0.0,28.156102917517273,0.0,freqId,0
4,contents_1,0.0,32.444454480832064,0.0,freqId,0
5,contents_1,0.0,35.099045458850924,0.0,freqId,0
6,contents_1,0.0,33.6026960478157,0.0,freqId,0
7,contents_1,0.0,31.78930353331407,0.0,freqId,0
8,contents_1,0.0,33.43438602482365,0.0,freqId,0
9,contents_1,0.0,33.22024944295663,0.0,freqId,0
10,contents_1,0.0,34.97534315571738,0.0,freqId,0
11,contents_1,0.0,36.59883153103692,0.0,freqId,0
12,contents_1,0.0,40.81774281965954,0.0,freqId,0
13,contents_1,0.0,40.87963533247057,0.0,freqId,0
14,contents_1,0.0,40.428193198894405,0.0,freqId,0
15,contents_1,0.0,40.7293225311123,0.0,freqId,0
16,contents_1,0.0,41.0568683526144,0.0,freqId,0
17,contents_1,0.0,41.100488174062775,0.0,freqId,0
18,contents_1,0.0,39.31567571496271,0.0,freqId,0
19,contents_1,0.0,29.334743573447668,0.0,freqId,0
20,contents_1,0.0,24.611471047101077,0.0,freqId,0
21,contents_1,0.0,24.654415335278827,0.0,freqId,0
22,contents_1,0.0,28.03433320138447,1.0,freqId,0
23,contents_1,0.0,26.840203349171134,1.0,freqId,0
24,contents_1,0.0,25.641752678431658,1.0,freqId,0
25,contents_1,0.0,24.800521815676802,0.0,freqId,0
26,contents_1,0.0,23.643063948059535,0.0,freqId,0
27,contents_1,0.0,24.736795440235255,0.0,freqId,0
28,contents_1,0.0,22.621356759988885,1.0,freqId,0
29,contents_1,0.0,22.37244896192169,1.0,freqId,0
30,contents_1,0.0,22.78322413252863,0.0,freqId,0
31,contents_1,0.0,23.00954713329861,0.0,freqId,0
32,contents_1,0.0,23.93716575989629,1.0,freqId,0
33,contents_1,0.0,24.42746696376389,1.0,freqId,0
34,contents_1,0.0,21.720393351540224,0.0,freqId,0
35,contents_1,0.0,22.306106629378064,0.0,freqId,0
36,contents_1,0.0,22.640716413739483,0.0,freqId,0
37,contents_1,0.0,22.654578887395928,0.0,freqId,0
38,contents_1,0.0,24.13340839595594,1.0,freqId,0
39,contents_1,0.0,24.55052666888332,0.0,freqId,0
40,contents_1,0.0,23.65136659877635,0.0,freqId,0
41,contents_1,0.0,23.509462551382057,0.0,freqId,0
42,contents_1,0.0,26.441820453830587,1.0,freqId,0
43,contents_1,0.0,26.848143718631036,0.0,freqId,0
44,contents_1,0.0,25.669559706184373,0.0,freqId,0
45,contents_1,0.0,23.50145918870112,1.0,freqId,0
46,contents_1,0.0,25.03979672004607,1.0,freqId,0
47,contents_1,0.0,23.873359457571496,1.0,freqId,0
48,contents_1,0.0,24.799369318439858,1.0,freqId,0
49,contents_1,0.0,26.784958541256856,1.0,freqId,0
50,contents_1,0.0,25.79730361919428,1.0,freqId,0
51,contents_1,0.0,27.97654068232623,1.0,freqId,0
52,contents_1,0.0,25.187616141884064,1.0,freqId,0
53,contents_1,0.0,25.190741674949095,1.0,freqId,0
54,contents_1,0.0,22.127973604228828,1.0,freqId,gazing
55,contents_1,0.0,23.684099994297867,1.0,freqId,0
56,contents_1,0.0,25.961041607617517,1.0,freqId,0
57,contents_1,0.0,24.845421777099546,1.0,freqId,0
58,contents_1,0.0,25.11686251973879,0.0,freqId,0
59,contents_1,0.0,25.75839148338673,0.0,freqId,0
60,contents_1,0.0,27.105095201441145,0.0,freqId,0
61,contents_1,0.0,22.625006108958587,0.0,freqId,0
62,contents_1,0.0,23.065643119271954,0.0,freqId,0
63,contents_1,0.0,25.122169718632904,0.0,freqId,0
